0000000000000000000000011000000000000000000000000000000000000000000000
0000000000000000000000011000000000000000000000000000000000000000000000
0000000000100001000000000011000000110000000000000000000000000000000000
0000000010100001000000000011100000110000000000000000000000000000000000
1100001100000001000000000011000000000000000000000000000000000000000000
1100001100000000000110011000000000000000000000000000000000000000000000
0000001100000000110010011000000000000000000000000000000000000000000000
0000000010100000111100000000000000000000000000000000000000000000000000
0000000000100000001000000000000000000000000000000000000000000000000000
0000000000000000000000000000000000000000000000000000000000000000000000
0000000000000000000000000000000000000000000000000000000000000000000000
0000000000000000000000000000000000000000000000000000000000000000000000
0000000000000000000000000101000000000000000000000000000000000000000000
0000000000000000000000000011000000000000000000000000000000000000000000
0000000000000000000000000010000000000000000000000000000000000000000000
0000000000000000000000000000000000000000000000000000000000000000000000
0000000000000000000000000000000000000000000000000000000000000000000000
0000000000000000000000000000000000000000000000000000000000000000000000
